245956609
15433737
255655951
83623957
17820335
126189598
57835552
110198818
53172952
87823712
50069570
19398667
189530180
86540359
51216463
14254161
380993619
53117012
36077654
3539031
312803419
168034397
188579936
83329122
125545148
67371120
26640502
33095799
216563833
76906618
268304508
12353662
308707456
172309083
374723947
98762884
44892293
14712975
17531025
70680722
16181955
238354582
74645655
156729499
233046181
22706694
291897514
314212524
94175418
152240316
155238432
78610626
327002827
148209868
30114003
180355287
81527000
190906595
85852392
47775980
33652977
1507571
302186742
14057722
21299452
146964733
38863102
22741247
65569029
266290303
146243853
120226067
387744032
61112612
202408233
88015147
108429618
134906164
14123317
26018104
932741436
24346942
117702977
20923521
26575183
384368976
141410360
26345812
249861518
